0.00000000,1.33090104,1.33522102,1.33555548,1.33593447,1.32517841,1.34672692,1.32918348,1.32323511,1.33588444,1.33517230,1.33487007,1.32691781,1.32014088,1.32595431,1.32443767,1.33093414,1.34310279,1.32326465,1.33573894,1.33233819,1.33313864,1.33470387,1.32584294,1.33335570,1.32917537
1.33090104,0.00000000,1.33745792,1.33794047,1.33872539,1.29813809,1.30742107,1.32673976,1.30805342,1.33854735,1.33754053,1.33784782,1.32310222,1.28990591,1.29719990,1.29606403,1.33055062,1.31318201,1.29722363,1.33832385,1.33206521,1.33185091,1.33623698,1.30181829,1.33386401,1.32669728
1.33522102,1.33745792,0.00000000,1.33364648,1.33356131,1.35935691,1.39676550,1.33397526,1.34543622,1.33359405,1.33349180,1.33353839,1.33498202,1.36060885,1.36645233,1.36320325,1.33323070,1.38472559,1.35992205,1.33374706,1.33408381,1.33611254,1.33392279,1.35903554,1.33401211,1.33436679
1.33555548,1.33794047,1.33364648,0.00000000,1.33351953,1.36177336,1.39985798,1.33432687,1.34693115,1.33356046,1.33349772,1.33349624,1.33557002,1.36307948,1.36895474,1.36550402,1.33338788,1.38738053,1.36207418,1.33370806,1.33432334,1.33646927,1.33394613,1.36110741,1.33419589,1.33474032
1.33593447,1.33872539,1.33356131,1.33351953,0.00000000,1.36531019,1.40517120,1.33487725,1.34921476,1.33338089,1.33341291,1.33338764,1.33643584,1.36732729,1.37311954,1.36960150,1.33373116,1.39158513,1.36594624,1.33356660,1.33454779,1.33680202,1.33393143,1.36462539,1.33433646,1.33536370
1.32517841,1.29813809,1.35935691,1.36177336,1.36531019,0.00000000,0.99877903,1.31100288,1.19348318,1.36459236,1.36042074,1.36191964,1.29411026,1.06216608,1.06715190,1.07875650,1.33261228,1.06259569,1.09202430,1.36282542,1.33402878,1.32710216,1.35281846,1.11060940,1.34222758,1.30832021
1.34672692,1.30742107,1.39676550,1.39985798,1.40517120,0.99877903,0.00000000,1.32803514,1.15297271,1.40421786,1.39859746,1.40048713,1.30668912,0.95080068,0.95729930,0.97051330,1.36057348,0.92044801,1.00055126,1.40160886,1.36026742,1.34954773,1.38693086,1.01711108,1.37053939,1.32220337
1.32918348,1.32673976,1.33397526,1.33432687,1.33487725,1.31100288,1.32803514,0.00000000,1.31501501,1.33476853,1.33395270,1.33426597,1.32300900,1.30582366,1.31222752,1.31074216,1.32855193,1.32731127,1.31064232,1.33463827,1.32985119,1.33018337,1.33292216,1.31329997,1.33145625,1.32592982
1.32323511,1.30805342,1.34543622,1.34693115,1.34921476,1.19348318,1.15297271,1.31501501,0.00000000,1.34882802,1.34593551,1.34686899,1.30058778,1.16727055,1.17382162,1.17695438,1.32657810,1.18761893,1.18564037,1.34796288,1.32948131,1.32556412,1.34161198,1.20178038,1.33511595,1.31392103
1.33588444,1.33854735,1.33359405,1.33356046,1.33338089,1.36459236,1.40421786,1.33476853,1.34882802,0.00000000,1.33344058,1.33342059,1.33625747,1.36653124,1.37236002,1.36885070,1.33365483,1.39080610,1.36531330,1.33360147,1.33452643,1.33672931,1.33393089,1.36401448,1.33431805,1.33524160
1.33517230,1.33754053,1.33349180,1.33349772,1.33341291,1.36042074,1.39859746,1.33395270,1.34593551,1.33344058,0.00000000,1.33339875,1.33494204,1.36163814,1.36754147,1.36422089,1.33307156,1.38588194,1.36086359,1.33359346,1.33405372,1.33613687,1.33377604,1.35997380,1.33395978,1.33449344
1.33487007,1.33784782,1.33353839,1.33349624,1.33338764,1.36191964,1.40048713,1.33426597,1.34686899,1.33342059,1.33339875,0.00000000,1.33539974,1.36332229,1.36915871,1.36578000,1.33325264,1.38772514,1.36234569,1.33355661,1.33422305,1.33630636,1.33380979,1.36142913,1.33408806,1.33467265
1.32691781,1.32310222,1.33498202,1.33557002,1.33643584,1.29411026,1.30668912,1.32300900,1.30058778,1.33625747,1.33494204,1.33539974,0.00000000,1.28306366,1.28903666,1.28773333,1.32550347,1.30948264,1.28771666,1.33597681,1.32911104,1.32850570,1.33352001,1.29623897,1.33115353,1.32332475
1.32014088,1.28990591,1.36060885,1.36307948,1.36732729,1.06216608,0.95080068,1.30582366,1.16727055,1.36653124,1.36163814,1.36332229,1.28306366,0.00000000,1.02053200,1.02971739,1.32922941,1.02484362,1.04748658,1.36462938,1.33184314,1.32295523,1.35324106,1.07694457,1.34076950,1.30333825
1.32595431,1.29719990,1.36645233,1.36895474,1.37311954,1.06715190,0.95729930,1.31222752,1.17382162,1.37236002,1.36754147,1.36915871,1.28903666,1.02053200,0.00000000,1.03400301,1.33506860,1.02831197,1.05568497,1.37047851,1.33756127,1.32965110,1.35904615,1.08623463,1.34669883,1.30916252
1.32443767,1.29606403,1.36320325,1.36550402,1.36960150,1.07875650,0.97051330,1.31074216,1.17695438,1.36885070,1.36422089,1.36578000,1.28773333,1.02971739,1.03400301,0.00000000,1.33249090,1.04272964,1.06331258,1.36705147,1.33547248,1.32714840,1.35606495,1.09317843,1.34439740,1.30798029
1.33093414,1.33055062,1.33323070,1.33338788,1.33373116,1.33261228,1.36057348,1.32855193,1.32657810,1.33365483,1.33307156,1.33325264,1.32550347,1.32922941,1.33506860,1.33249090,0.00000000,1.35420254,1.33072262,1.33365945,1.33118958,1.33194516,1.33276271,1.33275480,1.33188888,1.32891585
1.34310279,1.31318201,1.38472559,1.38738053,1.39158513,1.06259569,0.92044801,1.32731127,1.18761893,1.39080610,1.38588194,1.38772514,1.30948264,1.02484362,1.02831197,1.04272964,1.35420254,0.00000000,1.06432951,1.38865429,1.35474275,1.34603109,1.37661202,1.07994429,1.36329044,1.32349618
1.32326465,1.29722363,1.35992205,1.36207418,1.36594624,1.09202430,1.00055126,1.31064232,1.18564037,1.36531330,1.36086359,1.36234569,1.28771666,1.04748658,1.05568497,1.06331258,1.33072262,1.06432951,0.00000000,1.36353391,1.33415344,1.32654552,1.35321263,1.10888742,1.34218157,1.30806918
1.33573894,1.33832385,1.33374706,1.33370806,1.33356660,1.36282542,1.40160886,1.33463827,1.34796288,1.33360147,1.33359346,1.33355661,1.33597681,1.36462938,1.37047851,1.36705147,1.33365945,1.38865429,1.36353391,0.00000000,1.33450012,1.33668402,1.33405156,1.36237356,1.33433442,1.33503602
1.33233819,1.33206521,1.33408381,1.33432334,1.33454779,1.33402878,1.36026742,1.32985119,1.32948131,1.33452643,1.33405372,1.33422305,1.32911104,1.33184314,1.33756127,1.33547248,1.33118958,1.35474275,1.33415344,1.33450012,0.00000000,1.33336259,1.33373030,1.33499318,1.33294640,1.33029447
1.33313864,1.33185091,1.33611254,1.33646927,1.33680202,1.32710216,1.34954773,1.33018337,1.32556412,1.33672931,1.33613687,1.33630636,1.32850570,1.32295523,1.32965110,1.32714840,1.33194516,1.34603109,1.32654552,1.33668402,1.33336259,0.00000000,1.33546624,1.32796800,1.33419621,1.33052012
1.33470387,1.33623698,1.33392279,1.33394613,1.33393143,1.35281846,1.38693086,1.33292216,1.34161198,1.33393089,1.33377604,1.33380979,1.33352001,1.35324106,1.35904615,1.35606495,1.33276271,1.37661202,1.35321263,1.33405156,1.33373030,1.33546624,0.00000000,1.35290333,1.33387379,1.33338478
1.32584294,1.30181829,1.35903554,1.36110741,1.36462539,1.11060940,1.01711108,1.31329997,1.20178038,1.36401448,1.35997380,1.36142913,1.29623897,1.07694457,1.08623463,1.09317843,1.33275480,1.07994429,1.10888742,1.36237356,1.33499318,1.32796800,1.35290333,0.00000000,1.34226332,1.31094130
1.33335570,1.33386401,1.33401211,1.33419589,1.33433646,1.34222758,1.37053939,1.33145625,1.33511595,1.33431805,1.33395978,1.33408806,1.33115353,1.34076950,1.34669883,1.34439740,1.33188888,1.36329044,1.34218157,1.33433442,1.33294640,1.33419621,1.33387379,1.34226332,0.00000000,1.33157210
1.32917537,1.32669728,1.33436679,1.33474032,1.33536370,1.30832021,1.32220337,1.32592982,1.31392103,1.33524160,1.33449344,1.33467265,1.32332475,1.30333825,1.30916252,1.30798029,1.32891585,1.32349618,1.30806918,1.33503602,1.33029447,1.33052012,1.33338478,1.31094130,1.33157210,0.00000000
