0.00000000,1.30795980,1.30317629,1.30314148,1.30298152,1.33375192,1.37296250,1.30434918,1.31807419,1.30301828,1.30303592,1.30300983,1.30579839,1.33559907,1.34117460,1.33772925,1.30329053,1.35944114,1.33413211,1.30319448,1.30407787,1.30622868,1.30351985,1.33312114,1.30387690,1.30480660
1.30795980,0.00000000,1.27487966,1.27484455,1.27469413,1.30415501,1.34248798,1.27598346,1.28907250,1.27472778,1.27474468,1.27472452,1.27733141,1.30591521,1.31129307,1.30804762,1.27495661,1.32942376,1.30446492,1.27489740,1.27574081,1.27780903,1.27521164,1.30365733,1.27555626,1.27642439
1.30317629,1.27487966,0.00000000,1.33145251,1.33128500,1.36318733,1.40331277,1.33271463,1.34704198,1.33132342,1.33134310,1.33131804,1.33426200,1.36528354,1.37107436,1.36750011,1.33159685,1.38960445,1.36382001,1.33150629,1.33243267,1.33466884,1.33184802,1.36254149,1.33222887,1.33318248
1.30314148,1.27484455,1.33145251,0.00000000,1.33170658,1.36364970,1.40380221,1.33314107,1.34747372,1.33174448,1.33176463,1.33173961,1.33469342,1.36572385,1.37153318,1.36796674,1.33201748,1.39006427,1.36426432,1.33192862,1.33285499,1.33509756,1.33226951,1.36298979,1.33265017,1.33360607
1.30298152,1.27469413,1.33128500,1.33170658,0.00000000,1.36529831,1.40551081,1.33474421,1.34911326,1.33334558,1.33336536,1.33334020,1.33630056,1.36740300,1.37321053,1.36963973,1.33361902,1.39176228,1.36593455,1.33352967,1.33445907,1.33670690,1.33387185,1.36465158,1.33425461,1.33521004
1.33375192,1.30415501,1.36318733,1.36364970,1.36529831,0.00000000,0.83691705,0.80252861,0.80767388,0.80204493,0.80205111,0.80204069,0.80289920,0.81415285,0.81657483,0.81502905,0.80213727,0.82891875,0.81344597,0.80211143,0.80244017,0.80342409,0.80223672,0.81486533,0.80239882,0.80274342
1.37296250,1.34248798,1.40331277,1.40380221,1.40551081,0.83691705,0.00000000,0.33444853,0.33497046,0.33440330,0.33440324,0.33440312,0.33445566,0.33553369,0.33581260,0.33561295,0.33440793,0.33947706,0.33529317,0.33441312,0.33444263,0.33460557,0.33442328,0.33629435,0.33444374,0.33448348
1.30434918,1.27598346,1.33271463,1.33314107,1.33474421,0.80252861,0.33444853,0.00000000,1.32296818,1.30783028,1.30784858,1.30782557,1.31064319,1.34062458,1.34625808,1.34278485,1.30808744,1.36456423,1.33912787,1.30800862,1.30889792,1.31106135,1.30833589,1.33808659,1.30870257,1.30962698
1.31807419,1.28907250,1.34704198,1.34747372,1.34911326,0.80767388,0.33497046,1.32296818,0.00000000,1.08804712,1.08805561,1.08804295,1.08961581,1.11015299,1.11427764,1.11151012,1.08821900,1.13054345,1.10862278,1.08816859,1.08872913,1.09030666,1.08837671,1.10951116,1.08862436,1.08923625
1.30301828,1.27472778,1.33132342,1.33174448,1.33334558,0.80204493,0.33440330,1.30783028,1.08804712,0.00000000,1.33303064,1.33300549,1.33596253,1.36706115,1.37286103,1.36929007,1.33328293,1.39140160,1.36559045,1.33319461,1.33412503,1.33637067,1.33353698,1.36429878,1.33391970,1.33487538
1.30303592,1.27474468,1.33134310,1.33176463,1.33336536,0.80205111,0.33440324,1.30784858,1.08805561,1.33303064,0.00000000,1.33261950,1.33557186,1.36663413,1.37244726,1.36887295,1.33289734,1.39097945,1.36517575,1.33280904,1.33373620,1.33597982,1.33315071,1.36389803,1.33353314,1.33448880
1.30300983,1.27472452,1.33131804,1.33173961,1.33334020,0.80204069,0.33440312,1.30782557,1.08804295,1.33300549,1.33261950,0.00000000,1.33583574,1.36691382,1.37272334,1.36915484,1.33315799,1.39127370,1.36545219,1.33306988,1.33399780,1.33624403,1.33341162,1.36417107,1.33379408,1.33474832
1.30579839,1.27733141,1.33426200,1.33469342,1.33630056,0.80289920,0.33445566,1.31064319,1.08961581,1.33596253,1.33557186,1.33583574,0.00000000,1.31246865,1.31784717,1.31445790,1.28166771,1.33606199,1.31080323,1.28158129,1.28238796,1.28444103,1.28187782,1.31024035,1.28221485,1.28307832
1.33559907,1.30591521,1.36528354,1.36572385,1.36740300,0.81415285,0.33553369,1.34062458,1.11015299,1.36706115,1.36663413,1.36691382,1.31246865,0.00000000,0.73507716,0.73407692,0.72680954,0.74744870,0.73272047,0.72679755,0.72696600,0.72765532,0.72685274,0.73586381,0.72692943,0.72715398
1.34117460,1.31129307,1.37107436,1.37153318,1.37321053,0.81657483,0.33581260,1.34625808,1.11427764,1.37286103,1.37244726,1.37272334,1.31784717,0.73507716,0.00000000,0.74191691,0.73459212,0.75541888,0.74091663,0.73458458,0.73476433,0.73545175,0.73465293,0.74389908,0.73474545,0.73497097
1.33772925,1.30804762,1.36750011,1.36796674,1.36963973,0.81502905,0.33561295,1.34278485,1.11151012,1.36929007,1.36887295,1.36915484,1.31445790,0.73407692,0.74191691,0.00000000,0.76947389,0.79256731,0.77673312,0.76946068,0.76965692,0.77043445,0.76952960,0.77995606,0.76961907,0.76987114
1.30329053,1.27495661,1.33159685,1.33201748,1.33361902,0.80213727,0.33440793,1.30808744,1.08821900,1.33328293,1.33289734,1.33315799,1.28166771,0.72680954,0.73459212,0.76947389,0.00000000,1.37876800,1.35306930,1.32147417,1.32236353,1.32457065,1.32180725,1.35197254,1.32217425,1.32309929
1.35944114,1.32942376,1.38960445,1.39006427,1.39176228,0.82891875,0.33947706,1.36456423,1.13054345,1.39140160,1.39097945,1.39127370,1.33606199,0.74744870,0.75541888,0.79256731,1.37876800,0.00000000,0.57892727,0.57237741,0.57256884,0.57315670,0.57244531,0.58011909,0.57252944,0.57273957
1.33413211,1.30446492,1.36382001,1.36426432,1.36593455,0.81344597,0.33529317,1.33912787,1.10862278,1.36559045,1.36517575,1.36545219,1.31080323,0.73272047,0.74091663,0.77673312,1.35306930,0.57892727,0.00000000,0.82163604,0.82185928,0.82272572,0.82172692,0.83337638,0.82183042,0.82213001
1.30319448,1.27489740,1.33150629,1.33192862,1.33352967,0.80211143,0.33441312,1.30800862,1.08816859,1.33319461,1.33280904,1.33306988,1.28158129,0.72679755,0.73458458,0.76946068,1.32147417,0.57237741,0.82163604,0.00000000,1.33257361,1.33481618,1.33198695,1.36269961,1.33236781,1.33332136
1.30407787,1.27574081,1.33243267,1.33285499,1.33445907,0.80244017,0.33444263,1.30889792,1.08872913,1.33412503,1.33373620,1.33399780,1.28238796,0.72696600,0.73476433,0.76965692,1.32236353,0.57256884,0.82185928,1.33257361,0.00000000,1.32222678,1.31944955,1.34963924,1.31981723,1.32076332
1.30622868,1.27780903,1.33466884,1.33509756,1.33670690,0.80342409,0.33460557,1.31106135,1.09030666,1.33637067,1.33597982,1.33624403,1.28444103,0.72765532,0.73545175,0.77043445,1.32457065,0.57315670,0.82272572,1.33481618,1.32222678,0.00000000,1.29643953,1.32587178,1.29679573,1.29770851
1.30351985,1.27521164,1.33184802,1.33226951,1.33387185,0.80223672,0.33442328,1.30833589,1.08837671,1.33353698,1.33315071,1.33341162,1.28187782,0.72685274,0.73465293,0.76952960,1.32180725,0.57244531,0.82172692,1.33198695,1.31944955,1.29643953,0.00000000,1.35854498,1.32837800,1.32932506
1.33312114,1.30365733,1.36254149,1.36298979,1.36465158,0.81486533,0.33629435,1.33808659,1.10951116,1.36429878,1.36389803,1.36417107,1.31024035,0.73586381,0.74389908,0.77995606,1.35197254,0.58011909,0.83337638,1.36269961,1.34963924,1.32587178,1.35854498,0.00000000,0.83484069,0.83525460
1.30387690,1.27555626,1.33222887,1.33265017,1.33425461,0.80239882,0.33444374,1.30870257,1.08862436,1.33391970,1.33353314,1.33379408,1.28221485,0.72692943,0.73474545,0.76961907,1.32217425,0.57252944,0.82183042,1.33236781,1.31981723,1.29679573,1.32837800,0.83484069,0.00000000,1.32377551
1.30480660,1.27642439,1.33318248,1.33360607,1.33521004,0.80274342,0.33448348,1.30962698,1.08923625,1.33487538,1.33448880,1.33474832,1.28307832,0.72715398,0.73497097,0.76987114,1.32309929,0.57273957,0.82213001,1.33332136,1.32076332,1.29770851,1.32932506,0.83525460,1.32377551,0.00000000
