0.000,1.331,1.335,1.336,1.336,1.325,1.347,1.329,1.323,1.336,1.335,1.335,1.327,1.320,1.326,1.324,1.331,1.343,1.323,1.336,1.332,1.333,1.335,1.326,1.333,1.329
1.331,0.000,1.337,1.338,1.339,1.298,1.307,1.327,1.308,1.339,1.338,1.338,1.323,1.290,1.297,1.296,1.331,1.313,1.297,1.338,1.332,1.332,1.336,1.302,1.334,1.327
1.335,1.337,0.000,1.334,1.334,1.359,1.397,1.334,1.345,1.334,1.333,1.334,1.335,1.361,1.366,1.363,1.333,1.385,1.360,1.334,1.334,1.336,1.334,1.359,1.334,1.334
1.336,1.338,1.334,0.000,1.334,1.362,1.400,1.334,1.347,1.334,1.333,1.333,1.336,1.363,1.369,1.366,1.333,1.387,1.362,1.334,1.334,1.336,1.334,1.361,1.334,1.335
1.336,1.339,1.334,1.334,0.000,1.365,1.405,1.335,1.349,1.333,1.333,1.333,1.336,1.367,1.373,1.370,1.334,1.392,1.366,1.334,1.335,1.337,1.334,1.365,1.334,1.335
1.325,1.298,1.359,1.362,1.365,0.000,0.999,1.311,1.193,1.365,1.360,1.362,1.294,1.062,1.067,1.079,1.333,1.063,1.092,1.363,1.334,1.327,1.353,1.111,1.342,1.308
1.347,1.307,1.397,1.400,1.405,0.999,0.000,1.328,1.153,1.404,1.399,1.400,1.307,0.951,0.957,0.971,1.361,0.920,1.001,1.402,1.360,1.350,1.387,1.017,1.371,1.322
1.329,1.327,1.334,1.334,1.335,1.311,1.328,0.000,1.315,1.335,1.334,1.334,1.323,1.306,1.312,1.311,1.329,1.327,1.311,1.335,1.330,1.330,1.333,1.313,1.331,1.326
1.323,1.308,1.345,1.347,1.349,1.193,1.153,1.315,0.000,1.349,1.346,1.347,1.301,1.167,1.174,1.177,1.327,1.188,1.186,1.348,1.329,1.326,1.342,1.202,1.335,1.314
1.336,1.339,1.334,1.334,1.333,1.365,1.404,1.335,1.349,0.000,1.333,1.333,1.336,1.367,1.372,1.369,1.334,1.391,1.365,1.334,1.335,1.337,1.334,1.364,1.334,1.335
1.335,1.338,1.333,1.333,1.333,1.360,1.399,1.334,1.346,1.333,0.000,1.333,1.335,1.362,1.368,1.364,1.333,1.386,1.361,1.334,1.334,1.336,1.334,1.360,1.334,1.334
1.335,1.338,1.334,1.333,1.333,1.362,1.400,1.334,1.347,1.333,1.333,0.000,1.335,1.363,1.369,1.366,1.333,1.388,1.362,1.334,1.334,1.336,1.334,1.361,1.334,1.335
1.327,1.323,1.335,1.336,1.336,1.294,1.307,1.323,1.301,1.336,1.335,1.335,0.000,1.283,1.289,1.288,1.326,1.309,1.288,1.336,1.329,1.329,1.334,1.296,1.331,1.323
1.320,1.290,1.361,1.363,1.367,1.062,0.951,1.306,1.167,1.367,1.362,1.363,1.283,0.000,1.021,1.030,1.329,1.025,1.047,1.365,1.332,1.323,1.353,1.077,1.341,1.303
1.326,1.297,1.366,1.369,1.373,1.067,0.957,1.312,1.174,1.372,1.368,1.369,1.289,1.021,0.000,1.034,1.335,1.028,1.056,1.370,1.338,1.330,1.359,1.086,1.347,1.309
1.324,1.296,1.363,1.366,1.370,1.079,0.971,1.311,1.177,1.369,1.364,1.366,1.288,1.030,1.034,0.000,1.332,1.043,1.063,1.367,1.335,1.327,1.356,1.093,1.344,1.308
1.331,1.331,1.333,1.333,1.334,1.333,1.361,1.329,1.327,1.334,1.333,1.333,1.326,1.329,1.335,1.332,0.000,1.354,1.331,1.334,1.331,1.332,1.333,1.333,1.332,1.329
1.343,1.313,1.385,1.387,1.392,1.063,0.920,1.327,1.188,1.391,1.386,1.388,1.309,1.025,1.028,1.043,1.354,0.000,1.064,1.389,1.355,1.346,1.377,1.080,1.363,1.323
1.323,1.297,1.360,1.362,1.366,1.092,1.001,1.311,1.186,1.365,1.361,1.362,1.288,1.047,1.056,1.063,1.331,1.064,0.000,1.364,1.334,1.327,1.353,1.109,1.342,1.308
1.336,1.338,1.334,1.334,1.334,1.363,1.402,1.335,1.348,1.334,1.334,1.334,1.336,1.365,1.370,1.367,1.334,1.389,1.364,0.000,1.335,1.337,1.334,1.362,1.334,1.335
1.332,1.332,1.334,1.334,1.335,1.334,1.360,1.330,1.329,1.335,1.334,1.334,1.329,1.332,1.338,1.335,1.331,1.355,1.334,1.335,0.000,1.333,1.334,1.335,1.333,1.330
1.333,1.332,1.336,1.336,1.337,1.327,1.350,1.330,1.326,1.337,1.336,1.336,1.329,1.323,1.330,1.327,1.332,1.346,1.327,1.337,1.333,0.000,1.335,1.328,1.334,1.331
1.335,1.336,1.334,1.334,1.334,1.353,1.387,1.333,1.342,1.334,1.334,1.334,1.334,1.353,1.359,1.356,1.333,1.377,1.353,1.334,1.334,1.335,0.000,1.353,1.334,1.333
1.326,1.302,1.359,1.361,1.365,1.111,1.017,1.313,1.202,1.364,1.360,1.361,1.296,1.077,1.086,1.093,1.333,1.080,1.109,1.362,1.335,1.328,1.353,0.000,1.342,1.311
1.333,1.334,1.334,1.334,1.334,1.342,1.371,1.331,1.335,1.334,1.334,1.334,1.331,1.341,1.347,1.344,1.332,1.363,1.342,1.334,1.333,1.334,1.334,1.342,0.000,1.332
1.329,1.327,1.334,1.335,1.335,1.308,1.322,1.326,1.314,1.335,1.334,1.335,1.323,1.303,1.309,1.308,1.329,1.323,1.308,1.335,1.330,1.331,1.333,1.311,1.332,0.000
